{"asset":{"version":"2.0","generator":"THREE.GLTFExporter"},"scenes":[{"name":"default","nodes":[0,29,30,31,32,33]}],"scene":0,"nodes":[{"mesh":0,"skin":0},{"rotation":[-1.9721522630525295e-31,1.748601263784621e-15,-9.992007221626393e-16,1],"translation":[-2.7790270085148383e-15,-1.0625,-0.1875],"name":"Hair","extras":{"data":{"name":"Hair","points":[{"name":"Origin","pos":{"x":0,"y":0,"z":0}}],"billboard":{"enabled":false,"y":false},"directional":{"enabled":false,"mode":"cameraAngle","angles":[]},"custom":[],"instance":{"name":"Hair","uuid":"938BD11B-89DA-4226-8BF7-530E05BD2FDB","parent":"841FB39F-7891-4E55-9AE9-237FDE61D153","pos":{"x":0,"y":-1.06,"z":-0.185},"rot":{"x":3.0999768384856878e-30,"y":3.497202527569242e-15,"z":-1.9984014443252786e-15,"order":"XYZ"},"sca":{"x":1,"y":1,"z":1},"custom":[]}}},"mesh":2},{"rotation":[0.7071067811865475,-1.9429894176211704e-15,-5.299062048057745e-16,0.7071067811865476],"translation":[-2.7824964554667986e-15,-0.062499999999998,1.6750000000000007],"name":"Head","extras":{"data":{"name":"Head","points":[{"name":"Origin","pos":{"x":0,"y":0,"z":0}}],"billboard":{"enabled":false,"y":false},"directional":{"enabled":false,"mode":"cameraAngle","angles":[]},"custom":[],"instance":{"name":"Head","uuid":"841FB39F-7891-4E55-9AE9-237FDE61D153","parent":"696FB83E-FB5E-4D53-BA6D-0E447C70C8A1","pos":{"x":0,"y":-0.06,"z":1.675},"rot":{"x":1.5707963267948963,"y":-3.4972025275692423e-15,"z":1.998401444325279e-15,"order":"XYZ"},"sca":{"x":1,"y":1,"z":1},"custom":[]}}},"mesh":1,"children":[1]},{"translation":[0,5.551115123125783e-17,4.3125],"name":"Neck","extras":{"type":"Bone","properties":{"length":1,"thickness":1,"preSavedInverse":[1,0,0,0,0,2.220446049250313e-16,1,0,0,-1,2.220446049250313e-16,0,0,-0.3124999999999985,-0.5124999999999992,1],"preSavedMatrix":[0.997529841394395,-0.006122165327955992,-0.0699766719617423,0,-6.272664200122178e-10,0.9961946980130127,-0.087155746107925,0,0.07024397148901915,0.08694045762810132,0.9937339391030209,0,2.1582730775258607e-17,2.436273405244061e-16,4.3125,1],"savedInverse":[1,0,0,0,0,2.220446049250313e-16,1,0,0,-1,2.220446049250313e-16,0,0,-0.3124999999999985,-0.5124999999999992,1],"savedMatrix":[1.000000000084793,0,0,0,0,1.0000000003454652,0,0,0,0,1.0000000004299356,0,0,5.551115123125783e-17,4.3125,1]},"animation":{"uuid":"94B53DDF-6CF3-461C-8B35-D4172786F477","editAction":"","editKeyType":"position","actions":[{"type":"default","name":"IdleUpper","uuid":"372DDC95-09DC-4E3B-B073-E1A72201C4FE","properties":[{"type":"position","expanded":false,"tracks":[{"component":"x","keys":[{"time":0,"value":0,"interpolation":"linear"}]},{"component":"y","keys":[{"time":0,"value":5.551115123125783e-17,"interpolation":"linear"}]},{"component":"z","keys":[{"time":0,"value":4.3125,"interpolation":"linear"}]}]},{"type":"rotation","expanded":false,"tracks":[{"component":"x","keys":[{"time":0,"value":0,"interpolation":"linear"}]},{"component":"y","keys":[{"time":0,"value":0,"interpolation":"linear"}]},{"component":"z","keys":[{"time":0,"value":0,"interpolation":"linear"}]}]}]},{"type":"default","name":"IdleUpper","uuid":"F4797C7E-3DE6-45BF-93F1-B7F009A9756B","properties":[{"type":"position","expanded":false,"tracks":[{"component":"x","keys":[{"time":0,"value":0,"interpolation":"linear"}]},{"component":"y","keys":[{"time":0,"value":5.551115123125783e-17,"interpolation":"linear"}]},{"component":"z","keys":[{"time":0,"value":4.3125,"interpolation":"linear"}]}]},{"type":"rotation","expanded":false,"tracks":[{"component":"x","keys":[{"time":0,"value":0,"interpolation":"linear"}]},{"component":"y","keys":[{"time":0,"value":0,"interpolation":"linear"}]},{"component":"z","keys":[{"time":0,"value":0,"interpolation":"linear"}]}]}]},{"type":"default","name":"WalkingUpper","uuid":"333D1A5E-D9C6-4E1E-B54B-53F15F849A72","properties":[{"type":"position","expanded":false,"tracks":[{"component":"x","keys":[{"time":0,"value":0,"interpolation":"linear"},{"time":0.5,"value":0,"interpolation":"linear"},{"time":1,"value":2.2204460492503136e-16,"interpolation":"linear"},{"time":1.5,"value":2.2204460492503136e-16,"interpolation":"linear"},{"time":2,"value":0,"interpolation":"linear"}]},{"component":"y","keys":[{"time":0,"value":2.220446049250313e-16,"interpolation":"linear"},{"time":0.5,"value":2.220446049250313e-16,"interpolation":"linear"},{"time":1,"value":4.440892098500627e-16,"interpolation":"linear"},{"time":1.5,"value":4.440892098500627e-16,"interpolation":"linear"},{"time":2,"value":2.220446049250313e-16,"interpolation":"linear"}]},{"component":"z","keys":[{"time":0,"value":4.3125,"interpolation":"linear"},{"time":0.5,"value":4.3125,"interpolation":"linear"},{"time":1,"value":4.312499999999999,"interpolation":"linear"},{"time":1.5,"value":4.312499999999997,"interpolation":"linear"},{"time":2,"value":4.3125,"interpolation":"linear"}]}]},{"type":"rotation","expanded":false,"tracks":[{"component":"x","keys":[{"time":0,"value":-0.08726646524323048,"interpolation":"linear"},{"time":0.5,"value":-0.08726646524323048,"interpolation":"linear"},{"time":1,"value":-0.08726646270259626,"interpolation":"linear"},{"time":1.5,"value":-0.08726646418327394,"interpolation":"linear"},{"time":2,"value":-0.08726646524323048,"interpolation":"linear"}]},{"component":"y","keys":[{"time":0,"value":0.08726646529003267,"interpolation":"linear"},{"time":0.5,"value":0.08726646529003267,"interpolation":"linear"},{"time":1,"value":-0.08726646005402221,"interpolation":"linear"},{"time":1.5,"value":4.331357244795354e-9,"interpolation":"linear"},{"time":2,"value":0.08726646529003267,"interpolation":"linear"}]},{"component":"z","keys":[{"time":0,"value":-5.369949276675292e-10,"interpolation":"linear"},{"time":0.5,"value":-5.369949276675292e-10,"interpolation":"linear"},{"time":1,"value":1.0368755500733843e-8,"interpolation":"linear"},{"time":1.5,"value":-1.0870517531572167e-9,"interpolation":"linear"},{"time":2,"value":-5.369949276675292e-10,"interpolation":"linear"}]}]}]}]},"collapsed":false,"visible":true,"locked":false,"savedID":"8221","savedParentID":8215,"childIndex":2,"nestedLocked":false,"tempOldRotation":[0,0,0,"XYZ"],"tempOldScale":[1.000000000084793,1.0000000003454652,1.0000000004299356],"sceneGraphDepth":5,"saveExportMatrix":[1,0,0,0,0,1,0,0,0,0,1,0,0,5.551115123125783e-17,4.3125,1],"originalID":2177},"children":[2]},{"rotation":[0.04361938736533595,-1.1091663383109949e-16,4.84272481730399e-18,0.9990482215818578],"translation":[-1.2116903504194741e-26,4.440892098500626e-16,1.8000000000000416],"scale":[1,1.0000000000000073,1.0000000000000073],"name":"FingersR","extras":{"type":"Bone","properties":{"length":1.5,"thickness":1.5,"savedMatrix":[1,1.4260846336062146e-16,3.66492328681317e-16,0,-2.841335124706375e-16,0.9063077894001601,0.4226182628428228,0,-2.718859111871311e-16,-0.4226182628428228,0.9063077894001601,0,-4.440892098500625e-16,8.88178419700125e-16,1.800000000000002,1],"preSavedInverse":[-1.6284431014573823e-28,-0.9961946980917383,0.08715574274765901,0,-4.440892098500629e-16,-0.087155742747659,-0.9961946980917381,0,1,-3.870492493054822e-17,-4.423993163323954e-16,0,2.5732419451977936e-12,-0.6517601142079473,-11.035187583522394,1],"preSavedMatrix":[1,1.4260846080064012e-16,3.6649234272861296e-16,0,-2.841335194643773e-16,0.9063077841506136,0.4226182741005113,0,-2.718859214708395e-16,-0.4226182741005113,0.9063077841506136,0,-4.440892098500626e-16,8.881784197001252e-16,1.7999999523162842,1],"savedInverse":[-1.6284431014573823e-28,-0.9961946980917383,0.08715574274765901,0,-4.440892098500629e-16,-0.087155742747659,-0.9961946980917381,0,1,-3.870492493054822e-17,-4.423993163323954e-16,0,2.5732419451977936e-12,-0.6517601142079473,-11.035187583522394,1]},"animation":{"uuid":"0859FEFE-601A-4A48-ABC2-821963DED0C4","editAction":"","editKeyType":"position","actions":[{"type":"default","name":"IdleUpper","uuid":"705AAB49-D7CF-4CC9-A62F-08B89787E2B2","properties":[{"type":"position","expanded":false,"tracks":[{"component":"x","keys":[{"time":0,"value":-4.440892098500625e-16,"interpolation":"linear"}]},{"component":"y","keys":[{"time":0,"value":8.88178419700125e-16,"interpolation":"linear"}]},{"component":"z","keys":[{"time":0,"value":1.800000000000002,"interpolation":"linear"}]}]},{"type":"rotation","expanded":false,"tracks":[{"component":"x","keys":[{"time":0,"value":0.43633231299858277,"interpolation":"linear"}]},{"component":"y","keys":[{"time":0,"value":-2.718859104780948e-16,"interpolation":"linear"}]},{"component":"z","keys":[{"time":0,"value":2.8413351172966135e-16,"interpolation":"linear"}]}]}]},{"type":"default","name":"WalkingUpper","uuid":"6698E265-049E-4BDA-BBAC-A8582540D071","properties":[{"type":"position","expanded":false,"tracks":[{"component":"x","keys":[{"time":1.5,"value":-4.440892098500626e-16,"interpolation":"linear"},{"time":0.5,"value":-4.440892098500626e-16,"interpolation":"linear"},{"time":0,"value":-4.440892098500626e-16,"interpolation":"linear"},{"time":2,"value":-4.440892098500626e-16,"interpolation":"linear"},{"time":1,"value":-4.440892098500626e-16,"interpolation":"linear"}]},{"component":"y","keys":[{"time":1.5,"value":8.881784197001252e-16,"interpolation":"linear"},{"time":0.5,"value":8.881784197001252e-16,"interpolation":"linear"},{"time":0,"value":8.881784197001252e-16,"interpolation":"linear"},{"time":2,"value":8.881784197001252e-16,"interpolation":"linear"},{"time":1,"value":8.881784197001252e-16,"interpolation":"linear"}]},{"component":"z","keys":[{"time":1.5,"value":1.7999999523162842,"interpolation":"linear"},{"time":0.5,"value":1.7999999523162842,"interpolation":"linear"},{"time":0,"value":1.7999999523162842,"interpolation":"linear"},{"time":2,"value":1.7999999523162842,"interpolation":"linear"},{"time":1,"value":1.7999999523162842,"interpolation":"linear"}]}]},{"type":"rotation","expanded":false,"tracks":[{"component":"x","keys":[{"time":1.5,"value":0.43633232542006767,"interpolation":"linear"},{"time":0.5,"value":0.43633232542006767,"interpolation":"linear"},{"time":0,"value":0.43633232542006767,"interpolation":"linear"},{"time":2,"value":0.43633232542006767,"interpolation":"linear"},{"time":1,"value":0.43633232542006767,"interpolation":"linear"}]},{"component":"y","keys":[{"time":1.5,"value":-2.7188592096043175e-16,"interpolation":"linear"},{"time":0.5,"value":-2.7188592096043175e-16,"interpolation":"linear"},{"time":0,"value":-2.7188592096043175e-16,"interpolation":"linear"},{"time":2,"value":-2.7188592096043175e-16,"interpolation":"linear"},{"time":1,"value":-2.7188592096043175e-16,"interpolation":"linear"}]},{"component":"z","keys":[{"time":1.5,"value":2.8413351853333433e-16,"interpolation":"linear"},{"time":0.5,"value":2.8413351853333433e-16,"interpolation":"linear"},{"time":0,"value":2.8413351853333433e-16,"interpolation":"linear"},{"time":2,"value":2.8413351853333433e-16,"interpolation":"linear"},{"time":1,"value":2.8413351853333433e-16,"interpolation":"linear"}]}]}]}]},"collapsed":false,"visible":true,"locked":false,"savedID":"8179","savedParentID":8173,"childIndex":0,"nestedLocked":false,"tempOldRotation":[0.43633231299858277,-2.718859104780948e-16,2.8413351172966135e-16,"XYZ"],"tempOldScale":[1,1.000000002607845,1.000000002607845],"sceneGraphDepth":10,"saveExportMatrix":[1,1.4260846336062146e-16,3.66492328681317e-16,0,-2.841335117296614e-16,0.9063077870366498,0.42261826174069983,0,-2.718859104780948e-16,-0.42261826174069983,0.9063077870366498,0,-4.440892098500625e-16,8.88178419700125e-16,1.800000000000002,1],"originalID":2171}},{"rotation":[2.6032132964974197e-13,2.601643204038735e-13,-0.7071067811864712,0.7071067811866238],"translation":[2.7755575615628914e-16,2.665718770922843e-26,3.5000000000000018],"name":"PalmsR","extras":{"type":"Bone","properties":{"length":1.8,"thickness":2,"savedMatrix":[2.168265502761599e-13,-0.9999999703305109,-7.356962043340327e-13,0,0.9961946690084927,1.5187850533472763e-13,0.08715574020320367,0,-0.08715574270048532,-7.518083373997182e-13,0.9961946975525525,0,-4.440892098500627e-15,0,3.5000000000000027,1],"preSavedInverse":[-1.6314629601955149e-28,-1.0000000000000002,1.5543122344751547e-15,0,-2.220446049250313e-16,-1.554312234475284e-15,-1,0,1,1.5496186412798878e-28,-2.220446049250313e-16,0,2.5756955380822033e-12,0.3125000000000035,-9.25,1],"preSavedMatrix":[-0.011481660207963098,-0.9912846337779523,0.13123604082508555,0,0.9961946704817979,1.2006488785718762e-8,0.08715578822430219,0,-0.08639620047956996,0.13173734403648643,0.987512515256179,0,-2.578204419617355e-15,5.457855617297942e-16,3.5,1],"savedInverse":[-1.6314629601955149e-28,-1.0000000000000002,1.5543122344751547e-15,0,-2.220446049250313e-16,-1.554312234475284e-15,-1,0,1,1.5496186412798878e-28,-2.220446049250313e-16,0,2.5756955380822033e-12,0.3125000000000035,-9.25,1]},"animation":{"uuid":"513711DC-11C2-41FD-9B00-8D55495890B8","editAction":"","editKeyType":"position","actions":[{"type":"default","name":"IdleUpper","uuid":"AA293848-7EA1-43A3-8F68-615D2B553157","properties":[{"type":"position","expanded":false,"tracks":[{"component":"x","keys":[{"time":0,"value":-4.440892098500627e-15,"interpolation":"linear"}]},{"component":"y","keys":[{"time":0,"value":0,"interpolation":"linear"}]},{"component":"z","keys":[{"time":0,"value":3.5000000000000027,"interpolation":"linear"}]}]},{"type":"rotation","expanded":false,"tracks":[{"component":"x","keys":[{"time":0,"value":7.546801235207919e-13,"interpolation":"linear"}]},{"component":"y","keys":[{"time":0,"value":-0.08726646259971689,"interpolation":"linear"}]},{"component":"z","keys":[{"time":0,"value":-1.570796326794679,"interpolation":"linear"}]}]}]},{"type":"default","name":"WalkingUpper","uuid":"F198C024-F2B0-4F6B-BFF2-885941FC1ADC","properties":[{"type":"position","expanded":false,"tracks":[{"component":"x","keys":[{"time":1.5,"value":-2.6645352591003757e-15,"interpolation":"linear"},{"time":0.5,"value":-2.6645352591003757e-15,"interpolation":"linear"},{"time":0,"value":8.881784197001252e-16,"interpolation":"linear"},{"time":2,"value":8.881784197001252e-16,"interpolation":"linear"},{"time":1,"value":-1.776356839400251e-15,"interpolation":"linear"}]},{"component":"y","keys":[{"time":1.5,"value":2.220446049250313e-16,"interpolation":"linear"},{"time":0.5,"value":2.220446049250313e-16,"interpolation":"linear"},{"time":0,"value":3.944304526105059e-31,"interpolation":"linear"},{"time":2,"value":3.944304526105059e-31,"interpolation":"linear"},{"time":1,"value":3.552713678800502e-15,"interpolation":"linear"}]},{"component":"z","keys":[{"time":1.5,"value":3.5,"interpolation":"linear"},{"time":0.5,"value":3.5,"interpolation":"linear"},{"time":0,"value":3.5,"interpolation":"linear"},{"time":2,"value":3.5,"interpolation":"linear"},{"time":1,"value":3.500000000000006,"interpolation":"linear"}]}]},{"type":"rotation","expanded":false,"tracks":[{"component":"x","keys":[{"time":1.5,"value":-0.17518604523184206,"interpolation":"linear"},{"time":0.5,"value":-0.17518604523184206,"interpolation":"linear"},{"time":0,"value":0.0875981154013899,"interpolation":"linear"},{"time":2,"value":0.0875981154013899,"interpolation":"linear"},{"time":1,"value":0.26275416071505003,"interpolation":"linear"}]},{"component":"y","keys":[{"time":1.5,"value":-0.08593745612010881,"interpolation":"linear"},{"time":0.5,"value":-0.08593745612010881,"interpolation":"linear"},{"time":0,"value":-0.0869334190927432,"interpolation":"linear"},{"time":2,"value":-0.0869334190927432,"interpolation":"linear"},{"time":1,"value":-0.08428563966278939,"interpolation":"linear"}]},{"component":"z","keys":[{"time":1.5,"value":-1.585987411997946,"interpolation":"linear"},{"time":0.5,"value":-1.585987411997946,"interpolation":"linear"},{"time":0,"value":-1.5631711954189276,"interpolation":"linear"},{"time":2,"value":-1.5631711954189276,"interpolation":"linear"},{"time":1,"value":-1.5481564250643285,"interpolation":"linear"}]}]}]}]},"collapsed":false,"visible":true,"locked":false,"savedID":"8173","savedParentID":8167,"childIndex":0,"nestedLocked":false,"tempOldRotation":[7.546801235207919e-13,-0.08726646259971689,-1.570796326794679,"XYZ"],"tempOldScale":[0.9999999703305109,0.999999970805654,0.9999999994587474],"sceneGraphDepth":9,"saveExportMatrix":[2.1682655670929307e-13,-1,-7.356962261617639e-13,0,0.9961946980917455,1.5187850976872141e-13,0.08715574274765858,0,-0.08715574274765858,-7.518083378066365e-13,0.9961946980917455,0,-4.440892098500627e-15,0,3.5000000000000027,1],"originalID":2165},"children":[4]},{"rotation":[-2.6032132964974197e-13,-2.601643204038735e-13,0.7071067811864712,0.7071067811866238],"translation":[2.477693774163415e-26,-4.440892098500626e-15,3.5000000000000004],"name":"LowerArmR","extras":{"type":"Bone","properties":{"length":3.5,"thickness":3,"savedMatrix":[5.65325688995353e-13,1.0000002208572039,-2.6156860237098425e-13,0,-0.8660255950527631,6.202817408517355e-13,0.5000001104279514,0,0.500000016715574,-5.6121775771089996e-14,0.8660254327381641,0,2.664535259100375e-15,4.440892098500625e-15,3.5000000000000027,1],"preSavedInverse":[-1.0000000000000002,-2.1593837828959398e-13,1.332267629470606e-15,0,-1.3322676296296664e-15,7.362999099313244e-13,-1,0,2.159383782895931e-13,-1,-7.362999099313247e-13,0,0.31250000000000583,4.300505459402519e-12,-5.749999999999998,1],"preSavedMatrix":[1.0730690774464247e-7,1.0000002030484971,2.1899199349936634e-8,0,-0.8914499623190822,8.766890351454121e-8,0.45311959875770724,0,0.4531195138318928,-6.007540785287433e-8,0.8914498130480301,0,2.7508660985833963e-15,5.329070518200751e-15,3.5,1],"savedInverse":[-1.0000000000000002,-2.1593837828959398e-13,1.332267629470606e-15,0,-1.3322676296296664e-15,7.362999099313244e-13,-1,0,2.159383782895931e-13,-1,-7.362999099313247e-13,0,0.31250000000000583,4.300505459402519e-12,-5.749999999999998,1]},"animation":{"uuid":"51794D86-9F03-4CD1-A883-5ADF2A3A2B41","editAction":"","editKeyType":"position","actions":[{"type":"default","name":"IdleUpper","uuid":"0BA79EE7-71E7-4613-AA27-AA2662B7934A","properties":[{"type":"position","expanded":false,"tracks":[{"component":"x","keys":[{"time":0,"value":2.664535259100375e-15,"interpolation":"linear"}]},{"component":"y","keys":[{"time":0,"value":4.440892098500625e-15,"interpolation":"linear"}]},{"component":"z","keys":[{"time":0,"value":3.5000000000000027,"interpolation":"linear"}]}]},{"type":"rotation","expanded":false,"tracks":[{"component":"x","keys":[{"time":0,"value":6.483589190920438e-14,"interpolation":"linear"}]},{"component":"y","keys":[{"time":0,"value":0.5235987755975477,"interpolation":"linear"}]},{"component":"z","keys":[{"time":0,"value":1.5707963267942435,"interpolation":"linear"}]}]}]},{"type":"default","name":"WalkingUpper","uuid":"2AEB2609-CA5A-4B65-B48D-EB874364D769","properties":[{"type":"position","expanded":false,"tracks":[{"component":"x","keys":[{"time":1.5,"value":2.6645352591003757e-15,"interpolation":"linear"},{"time":0.5,"value":2.6645352591003757e-15,"interpolation":"linear"},{"time":0,"value":5.329070518200753e-15,"interpolation":"linear"},{"time":2,"value":5.329070518200753e-15,"interpolation":"linear"},{"time":1,"value":3.552713678800501e-15,"interpolation":"linear"}]},{"component":"y","keys":[{"time":1.5,"value":5.329070518200751e-15,"interpolation":"linear"},{"time":0.5,"value":5.329070518200751e-15,"interpolation":"linear"},{"time":0,"value":4.440892098500627e-15,"interpolation":"linear"},{"time":2,"value":4.440892098500627e-15,"interpolation":"linear"},{"time":1,"value":5.329070518200751e-15,"interpolation":"linear"}]},{"component":"z","keys":[{"time":1.5,"value":3.499999999999993,"interpolation":"linear"},{"time":0.5,"value":3.499999999999993,"interpolation":"linear"},{"time":0,"value":3.500000000000006,"interpolation":"linear"},{"time":2,"value":3.500000000000006,"interpolation":"linear"},{"time":1,"value":3.5,"interpolation":"linear"}]}]},{"type":"rotation","expanded":false,"tracks":[{"component":"x","keys":[{"time":1.5,"value":4.782937105297765e-8,"interpolation":"linear"},{"time":0.5,"value":4.782937105297765e-8,"interpolation":"linear"},{"time":0,"value":7.981116900910035e-8,"interpolation":"linear"},{"time":2,"value":7.981116900910035e-8,"interpolation":"linear"},{"time":1,"value":-2.7200588828256352e-8,"interpolation":"linear"}]},{"component":"y","keys":[{"time":1.5,"value":0.43633240626273423,"interpolation":"linear"},{"time":0.5,"value":0.43633240626273423,"interpolation":"linear"},{"time":0,"value":0.2617995132914748,"interpolation":"linear"},{"time":2,"value":0.2617995132914748,"interpolation":"linear"},{"time":1,"value":0.7853982970807221,"interpolation":"linear"}]},{"component":"z","keys":[{"time":1.5,"value":1.570796254219248,"interpolation":"linear"},{"time":0.5,"value":1.570796254219248,"interpolation":"linear"},{"time":0,"value":1.5707963381444012,"interpolation":"linear"},{"time":2,"value":1.5707963381444012,"interpolation":"linear"},{"time":1,"value":1.5707964309704772,"interpolation":"linear"}]}]}]}]},"collapsed":false,"visible":true,"locked":false,"savedID":"8167","savedParentID":8161,"childIndex":0,"nestedLocked":false,"tempOldRotation":[6.483589190920438e-14,0.5235987755975477,1.5707963267942435,"XYZ"],"tempOldScale":[1.0000002208572039,1.0000002208572036,1.0000000334324488],"sceneGraphDepth":8,"saveExportMatrix":[5.657696533489796e-13,0.9999999999999997,-2.617905892066118e-13,0,-0.8660254037848136,6.209477376728498e-13,0.49999999999934924,0,0.4999999999993494,-5.614952947041727e-14,0.8660254037848139,0,2.664535259100375e-15,4.440892098500625e-15,3.5000000000000027,1],"originalID":2159},"children":[5]},{"rotation":[0.5000000000000004,-0.49999999999999967,0.5000000000000003,0.49999999999999956],"translation":[0.31250000000000355,-2.2499999999999982,7.739020573454636e-17],"scale":[1,0.9999999999999998,1],"name":"UpperArmR","extras":{"type":"Bone","properties":{"length":3.5,"thickness":3,"preSavedInverse":[3.4512664603419266e-31,-1.0000000000000002,1.5543122344752192e-15,0,-2.220446049250313e-16,-1.5543122344752196e-15,-1,0,1,-3.4512664603419275e-31,-2.220446049250313e-16,0,-5.769905601984216e-16,0.3125000000000001,-2.2499999999999987,1],"preSavedMatrix":[0.19798951718986263,-0.034910831595230396,0.9795822325381637,0,-0.1736481827931127,-0.9848076952823803,6.499772328055833e-8,0,0.9647001525030183,-0.17010269294674055,-0.20104380396035584,0,0.3125,-2.25,-2.652100761237809e-16,1],"savedInverse":[3.4512664603419266e-31,-1.0000000000000002,1.5543122344752192e-15,0,-2.220446049250313e-16,-1.5543122344752196e-15,-1,0,1,-3.4512664603419275e-31,-2.220446049250313e-16,0,-5.769905601984216e-16,0.3125000000000001,-2.2499999999999987,1]},"animation":{"uuid":"857BB9A7-8591-4304-BB97-0F3338C2D9B3","editAction":"","editKeyType":"position","actions":[{"type":"default","name":"IdleUpper","uuid":"DDBF7B81-1698-45DF-9CD8-9B6FA878A538","properties":[{"type":"position","expanded":false,"tracks":[{"component":"x","keys":[{"time":0,"value":0.31250000000000355,"interpolation":"linear"}]},{"component":"y","keys":[{"time":0,"value":-2.2499999999999964,"interpolation":"linear"}]},{"component":"z","keys":[{"time":0,"value":8.768742931625138e-17,"interpolation":"linear"}]}]},{"type":"rotation","expanded":false,"tracks":[{"component":"x","keys":[{"time":0,"value":2.566579746953785,"interpolation":"linear"}]},{"component":"y","keys":[{"time":0,"value":1.2572678211616122,"interpolation":"linear"}]},{"component":"z","keys":[{"time":0,"value":0.5980480901326946,"interpolation":"linear"}]}]}]},{"type":"default","name":"WalkingUpper","uuid":"68B309B5-1309-4BB8-8B02-AF0BF8FF0683","properties":[{"type":"position","expanded":false,"tracks":[{"component":"x","keys":[{"time":1.5,"value":0.31249999999999645,"interpolation":"linear"},{"time":0.5,"value":0.31249999999999645,"interpolation":"linear"},{"time":0,"value":0.31250000000000006,"interpolation":"linear"},{"time":2,"value":0.31250000000000006,"interpolation":"linear"},{"time":1,"value":0.31250000000000006,"interpolation":"linear"}]},{"component":"y","keys":[{"time":1.5,"value":-2.2499999999999996,"interpolation":"linear"},{"time":0.5,"value":-2.2499999999999996,"interpolation":"linear"},{"time":0,"value":-2.2499999999999996,"interpolation":"linear"},{"time":2,"value":-2.2499999999999996,"interpolation":"linear"},{"time":1,"value":-2.249999999999999,"interpolation":"linear"}]},{"component":"z","keys":[{"time":1.5,"value":-2.220446049250313e-16,"interpolation":"linear"},{"time":0.5,"value":-2.220446049250313e-16,"interpolation":"linear"},{"time":0,"value":0,"interpolation":"linear"},{"time":2,"value":0,"interpolation":"linear"},{"time":1,"value":-6.661338147750941e-16,"interpolation":"linear"}]}]},{"type":"rotation","expanded":false,"tracks":[{"component":"x","keys":[{"time":1.5,"value":2.56657977184862,"interpolation":"linear"},{"time":0.5,"value":2.56657977184862,"interpolation":"linear"},{"time":0,"value":2.785112369691025,"interpolation":"linear"},{"time":2,"value":2.785112369691025,"interpolation":"linear"},{"time":1,"value":0.44515582153675415,"interpolation":"linear"}]},{"component":"y","keys":[{"time":1.5,"value":1.2572677634665506,"interpolation":"linear"},{"time":0.5,"value":1.2572677634665506,"interpolation":"linear"},{"time":0,"value":1.1029441038084424,"interpolation":"linear"},{"time":2,"value":1.1029441038084424,"interpolation":"linear"},{"time":1,"value":1.1821334294397494,"interpolation":"linear"}]},{"component":"z","keys":[{"time":1.5,"value":0.5980480125993156,"interpolation":"linear"},{"time":0.5,"value":0.5980480125993156,"interpolation":"linear"},{"time":0,"value":0.39526691178580475,"interpolation":"linear"},{"time":2,"value":0.39526691178580475,"interpolation":"linear"},{"time":1,"value":2.665585969459074,"interpolation":"linear"}]}]}]}]},"collapsed":false,"visible":true,"locked":false,"savedID":"8161","savedParentID":7537,"childIndex":0,"nestedLocked":false,"tempOldRotation":[2.5665797349692863,1.25726782883226,0.598048100533463,"XYZ"],"tempOldScale":[0.999999985744817,0.9999999517346765,0.9999999654651998],"sceneGraphDepth":7,"saveExportMatrix":[0.25488700224416994,-0.044943455527546944,0.9659258262890704,0,-0.17364817766692897,-0.9848077530122079,-1.124100812432971e-15,0,0.9512512425642001,-0.16773125949651946,-0.2588190451025114,0,0.31250000000000355,-2.2499999999999964,8.768742931625138e-17,1],"originalID":2153},"children":[6]},{"rotation":[-4.3790577010150533e-47,6.162975822039155e-33,-9.398538128609111e-32,1],"translation":[-1.6313261169996311e-55,-3.0161470250828018e-87,-6.617444900424222e-24],"extras":{"type":"Bone","properties":{"length":1,"thickness":1},"animation":{"uuid":"133D519D-123D-4ED4-9FDF-CF5F40D0D263","editAction":"","editKeyType":"position","actions":[]},"isRoot":true,"collapsed":false,"visible":true,"locked":false,"nestedLocked":false,"savedID":7537,"childIndex":0,"saveExportMatrix":[1,-1.8797076257218222e-31,-1.232595164407831e-32,0,1.8797076257218222e-31,1,-8.758115402030107e-47,0,1.232595164407831e-32,8.758115402030107e-47,1,0,-1.6313261169996311e-55,-3.0161470250828018e-87,-6.617444900424222e-24,1],"originalID":1493},"children":[7]},{"rotation":[0.49999999999999944,0.5000000000000004,-0.5000000000000006,0.4999999999999995],"translation":[-0.125,-0.31249999999999845,3.8000000000000007],"name":"Arm Right","extras":{"data":{"name":"Arm Right","points":[{"name":"Origin","pos":{"x":0,"y":0,"z":0}}],"billboard":{"enabled":false,"y":false},"directional":{"enabled":false,"mode":"cameraAngle","angles":[{"suffix":"_S","angle":0,"enabled":true,"min":-22.5,"max":22.5},{"suffix":"_SW","angle":45,"enabled":true,"min":22.5,"max":67.5},{"suffix":"_W","angle":90,"enabled":true,"min":67.5,"max":112.5},{"suffix":"_NW","angle":135,"enabled":true,"min":112.5,"max":157.5},{"suffix":"_N","angle":180,"enabled":true,"min":157.5,"max":202.5},{"suffix":"_NE","angle":225,"enabled":true,"min":202.5,"max":247.5},{"suffix":"_E","angle":270,"enabled":true,"min":247.5,"max":292.5},{"suffix":"_SE","angle":315,"enabled":true,"min":292.5,"max":337.5}]},"custom":[],"instance":{"name":"Arm Right","uuid":"CF924DDE-8AB0-409B-B9BF-FBBA8712B5A4","parent":"02133327-B813-4B65-B0A3-9D41B254FD2D","pos":{"x":-0.125,"y":-0.31,"z":3.8000000000000003},"rot":{"x":1.5707963267948963,"y":0,"z":-1.5707963267948988,"order":"XYZ"},"sca":{"x":1,"y":1,"z":1},"custom":[]}}},"children":[8]},{"rotation":[0.04361938736533601,-1.669035455760754e-16,1.2140933123316705e-15,0.9990482215818578],"translation":[-3.0802553158551695e-29,-1.1657341758564144e-15,1.8000000000000327],"scale":[1,0.999999999999994,0.999999999999994],"name":"FingersL","extras":{"type":"Bone","properties":{"length":1.5,"thickness":1.5,"savedMatrix":[1,2.5037341252145593e-15,5.702592632680755e-16,0,-2.5477806121516572e-15,0.9396926116839497,0.3420201400128266,0,3.2045907962343296e-16,-0.3420201400128266,0.9396926116839496,0,4.440892098500626e-16,-6.661338147750939e-15,1.8000000000000185,1],"preSavedInverse":[-2.081648552666673e-15,-0.9961946980917515,0.08715574274765915,0,4.3940539374348826e-16,0.08715574274765915,0.9961946980917515,0,-1,2.1120239549159406e-15,2.563056978128311e-16,0,-4.221689316538997e-15,-0.6572073481296901,-11.097449752153263,1],"preSavedMatrix":[0.9999999999999993,-2.6755170116392807e-8,-2.5828405073832062e-8,0,3.516397448552842e-8,0.9063077730085132,0.4226182689048641,0,1.2101260603981434e-8,-0.4226182689048647,0.9063077730085133,0,4.440892098500626e-16,-6.661338147750939e-15,1.7999999523162842,1],"savedInverse":[-2.081648552666673e-15,-0.9961946980917515,0.08715574274765915,0,4.3940539374348826e-16,0.08715574274765915,0.9961946980917515,0,-1,2.1120239549159406e-15,2.563056978128311e-16,0,-4.221689316538997e-15,-0.6572073481296901,-11.097449752153263,1]},"animation":{"uuid":"5290ADA2-2343-4535-92CA-60DD667280DE","editAction":"","editKeyType":"position","actions":[{"type":"default","name":"IdleUpper","uuid":"7970FD46-CEC4-4C53-8E7E-3D5E007C5AED","properties":[{"type":"position","expanded":false,"tracks":[{"component":"x","keys":[{"time":0,"value":4.440892098500626e-16,"interpolation":"linear"}]},{"component":"y","keys":[{"time":0,"value":-6.661338147750939e-15,"interpolation":"linear"}]},{"component":"z","keys":[{"time":0,"value":1.8000000000000185,"interpolation":"linear"}]}]},{"type":"rotation","expanded":false,"tracks":[{"component":"x","keys":[{"time":0,"value":0.34906585039886584,"interpolation":"linear"}]},{"component":"y","keys":[{"time":0,"value":3.204590827274326e-16,"interpolation":"linear"}]},{"component":"z","keys":[{"time":0,"value":2.5477806368297215e-15,"interpolation":"linear"}]}]}]},{"type":"default","name":"WalkingUpper","uuid":"F3C1F8C4-147B-414D-A803-5482803F26DD","properties":[{"type":"position","expanded":false,"tracks":[{"component":"x","keys":[{"time":1.5,"value":4.440892098500626e-16,"interpolation":"linear"},{"time":0.5,"value":4.440892098500626e-16,"interpolation":"linear"},{"time":0,"value":4.440892098500626e-16,"interpolation":"linear"},{"time":2,"value":4.440892098500626e-16,"interpolation":"linear"},{"time":1,"value":4.440892098500626e-16,"interpolation":"linear"}]},{"component":"y","keys":[{"time":1.5,"value":-6.661338147750939e-15,"interpolation":"linear"},{"time":0.5,"value":-6.661338147750939e-15,"interpolation":"linear"},{"time":0,"value":-6.661338147750939e-15,"interpolation":"linear"},{"time":2,"value":-6.661338147750939e-15,"interpolation":"linear"},{"time":1,"value":-6.661338147750939e-15,"interpolation":"linear"}]},{"component":"z","keys":[{"time":1.5,"value":1.7999999523162842,"interpolation":"linear"},{"time":0.5,"value":1.7999999523162842,"interpolation":"linear"},{"time":0,"value":1.7999999523162842,"interpolation":"linear"},{"time":2,"value":1.7999999523162842,"interpolation":"linear"},{"time":1,"value":1.7999999523162842,"interpolation":"linear"}]}]},{"type":"rotation","expanded":false,"tracks":[{"component":"x","keys":[{"time":1.5,"value":0.43633232542006806,"interpolation":"linear"},{"time":0.5,"value":0.43633232542006806,"interpolation":"linear"},{"time":0,"value":0.43633232542006806,"interpolation":"linear"},{"time":2,"value":0.43633232542006806,"interpolation":"linear"},{"time":1,"value":0.43633232542006806,"interpolation":"linear"}]},{"component":"y","keys":[{"time":1.5,"value":1.2101260721195481e-8,"interpolation":"linear"},{"time":0.5,"value":1.2101260721195481e-8,"interpolation":"linear"},{"time":0,"value":1.2101260745777491e-8,"interpolation":"linear"},{"time":2,"value":1.2101260745777491e-8,"interpolation":"linear"},{"time":1,"value":1.2101260745777491e-8,"interpolation":"linear"}]},{"component":"z","keys":[{"time":1.5,"value":-3.516397482613029e-8,"interpolation":"linear"},{"time":0.5,"value":-3.516397482613029e-8,"interpolation":"linear"},{"time":0,"value":-3.516397481767069e-8,"interpolation":"linear"},{"time":2,"value":-3.516397481767069e-8,"interpolation":"linear"},{"time":1,"value":-3.516397481767069e-8,"interpolation":"linear"}]}]}]}]},"collapsed":false,"visible":true,"locked":false,"savedID":"8203","savedParentID":8197,"childIndex":0,"nestedLocked":false,"tempOldRotation":[0.34906585039886584,3.204590827274323e-16,2.5477806368297203e-15,"XYZ"],"tempOldScale":[1,0.9999999903138979,0.9999999903138977],"sceneGraphDepth":10,"saveExportMatrix":[1,2.503734125214559e-15,5.702592632680752e-16,0,-2.5477806368297203e-15,0.9396926207859084,0.34202014332566866,0,3.204590827274323e-16,-0.34202014332566866,0.9396926207859084,0,4.440892098500626e-16,-6.661338147750939e-15,1.8000000000000185,1],"originalID":2147}},{"rotation":[1.7749370367472846e-30,-1.0564476703698816e-45,8.685402110202278e-15,1],"translation":[7.888609052210118e-30,3.552713678800501e-15,3.5],"name":"PalmL","extras":{"type":"Bone","properties":{"length":1.8,"thickness":2,"savedMatrix":[1.000000000275634,1.7023516170170362e-14,-2.1668479728248815e-16,0,-1.6727263816958558e-14,0.9848077550041019,0.17364817801815538,0,3.169495435154704e-15,-0.1736481780652916,0.9848077552714247,0,-2.6645352591003765e-15,8.881784197001254e-16,3.500000000000001,1],"preSavedInverse":[3.296665155578299e-16,-1,4.4408920985001933e-16,0,-1.4640134240334516e-31,4.4408920985001933e-16,1,0,-1,-3.296665155578299e-16,-9.722710656848496e-29,0,-9.233283738466277e-17,0.31249999999999656,-9.3125,1],"preSavedMatrix":[0.9996762454601925,-0.004418365544889887,0.02505759119582892,0,3.626556294986142e-8,0.984807759098117,0.1736481570623127,0,-0.025444151257955662,-0.17359193677513393,0.9844889232712563,0,-2.464073466960578e-15,-8.633092310103443e-17,3.5,1],"savedInverse":[3.296665155578299e-16,-1,4.4408920985001933e-16,0,-1.4640134240334516e-31,4.4408920985001933e-16,1,0,-1,-3.296665155578299e-16,-9.722710656848496e-29,0,-9.233283738466277e-17,0.31249999999999656,-9.3125,1]},"animation":{"uuid":"79A4356E-7F93-4F60-99E4-A37F8EAEE523","editAction":"","editKeyType":"position","actions":[{"type":"default","name":"IdleUpper","uuid":"9CD5AFBE-189B-45AD-971D-C2093A0CC664","properties":[]},{"type":"default","name":"WalkingUpper","uuid":"DFF52682-5E66-443C-846E-F0A1CECCEF83","properties":[{"type":"position","expanded":false,"tracks":[{"component":"x","keys":[{"time":1.5,"value":-2.4424906541753444e-15,"interpolation":"linear"},{"time":0.5,"value":-2.4424906541753444e-15,"interpolation":"linear"},{"time":0,"value":-3.552713678800501e-15,"interpolation":"linear"},{"time":2,"value":-3.552713678800501e-15,"interpolation":"linear"},{"time":1,"value":-2.6645352591003757e-15,"interpolation":"linear"}]},{"component":"y","keys":[{"time":1.5,"value":0,"interpolation":"linear"},{"time":0.5,"value":0,"interpolation":"linear"},{"time":0,"value":1.7763568394002505e-15,"interpolation":"linear"},{"time":2,"value":1.7763568394002505e-15,"interpolation":"linear"},{"time":1,"value":-8.881784197001252e-16,"interpolation":"linear"}]},{"component":"z","keys":[{"time":1.5,"value":3.5,"interpolation":"linear"},{"time":0.5,"value":3.5,"interpolation":"linear"},{"time":0,"value":3.4999999999999982,"interpolation":"linear"},{"time":2,"value":3.4999999999999982,"interpolation":"linear"},{"time":1,"value":3.5,"interpolation":"linear"}]}]},{"type":"rotation","expanded":false,"tracks":[{"component":"x","keys":[{"time":1.5,"value":0.17453290227605314,"interpolation":"linear"},{"time":0.5,"value":0.17453290227605314,"interpolation":"linear"},{"time":0,"value":0.17453291100372026,"interpolation":"linear"},{"time":2,"value":0.17453291100372026,"interpolation":"linear"},{"time":1,"value":0.17453290505061525,"interpolation":"linear"}]},{"component":"y","keys":[{"time":1.5,"value":-6.4476320809573124e-9,"interpolation":"linear"},{"time":0.5,"value":-6.4476320809573124e-9,"interpolation":"linear"},{"time":0,"value":0.26179937194963837,"interpolation":"linear"},{"time":2,"value":0.26179937194963837,"interpolation":"linear"},{"time":1,"value":-0.26179935381276515,"interpolation":"linear"}]},{"component":"z","keys":[{"time":1.5,"value":-3.766713182663511e-8,"interpolation":"linear"},{"time":0.5,"value":-3.766713182663511e-8,"interpolation":"linear"},{"time":0,"value":-5.0160383324105186e-8,"interpolation":"linear"},{"time":2,"value":-5.0160383324105186e-8,"interpolation":"linear"},{"time":1,"value":-2.2856100496261706e-8,"interpolation":"linear"}]}]}]}]},"collapsed":false,"visible":true,"locked":false,"savedID":"8197","savedParentID":8191,"childIndex":0,"nestedLocked":false,"tempOldRotation":[0.17453292519943336,3.1694954278836636e-15,1.6727263783125627e-14,"XYZ"],"tempOldScale":[1.000000000275634,1.000000002022622,1.0000000022940687],"sceneGraphDepth":9,"saveExportMatrix":[1,1.7023516165478103e-14,-2.1668479722276265e-16,0,-1.6727263783125627e-14,0.984807753012208,0.17364817766693075,0,3.1694954278836636e-15,-0.17364817766693075,0.984807753012208,0,-2.6645352591003765e-15,8.881784197001254e-16,3.500000000000001,1],"originalID":2141},"children":[10]},{"rotation":[-2.3419308123748356e-29,3.1529215447308384e-45,-1.1831822559602163e-13,1],"translation":[-5.048709793414476e-28,0,3.5],"name":"LowerArmL","extras":{"type":"Bone","properties":{"length":3.5,"thickness":3,"savedMatrix":[0.8660253932601154,-2.0534385796112368e-13,0.4999999939237796,0,2.367469479491712e-13,1,6.299785282769214e-16,0,-0.4999999939237796,1.1782789513336247e-13,0.8660253932601154,0,-1.7763568394002505e-15,-8.881784197001252e-16,3.5000000000000036,1],"preSavedInverse":[1.7700470735962386e-14,-1,4.440892098500158e-16,0,-7.860588063102156e-30,4.440892098500158e-16,1,0,-1,-1.7700470735962386e-14,-9.7227106568485e-29,0,-5.5207091562610185e-15,0.3125000000000001,-5.8125,1],"preSavedMatrix":[0.9800705779528346,-3.804095664728743e-8,0.19864953817019118,0,4.145978640859374e-8,0.999999999999999,-1.305092524888345e-8,0,-0.19864953817019051,2.1026795056298658e-8,0.9800705779528353,0,-1.9490187241952488e-15,-1.862687678883271e-15,3.5,1],"savedInverse":[1.7700470735962386e-14,-1,4.440892098500158e-16,0,-7.860588063102156e-30,4.440892098500158e-16,1,0,-1,-1.7700470735962386e-14,-9.7227106568485e-29,0,-5.5207091562610185e-15,0.3125000000000001,-5.8125,1]},"animation":{"uuid":"98734571-29B3-4875-A933-248D2C2EB2AB","editAction":"","editKeyType":"position","actions":[{"type":"default","name":"IdleUpper","uuid":"39E25D41-40C4-4D16-9E46-5633FC229B78","properties":[{"type":"position","expanded":false,"tracks":[{"component":"x","keys":[{"time":0,"value":-1.7763568394002505e-15,"interpolation":"linear"}]},{"component":"y","keys":[{"time":0,"value":-8.881784197001252e-16,"interpolation":"linear"}]},{"component":"z","keys":[{"time":0,"value":3.5000000000000036,"interpolation":"linear"}]}]},{"type":"rotation","expanded":false,"tracks":[{"component":"x","keys":[{"time":0,"value":-1.3605593559999943e-13,"interpolation":"linear"}]},{"component":"y","keys":[{"time":0,"value":-0.5235987755982993,"interpolation":"linear"}]},{"component":"z","keys":[{"time":0,"value":-2.733718282565527e-13,"interpolation":"linear"}]}]}]},{"type":"default","name":"WalkingUpper","uuid":"ECE28180-B386-4C2E-AAE3-5D1A096A626D","properties":[{"type":"position","expanded":false,"tracks":[{"component":"x","keys":[{"time":1.5,"value":-1.776356839400251e-15,"interpolation":"linear"},{"time":0.5,"value":-1.776356839400251e-